# Created by Octave 4.2.2, Thu Nov 01 16:54:10 2018 KST <somya@somya-Precision-Tower-5810>
# name: A2
# type: matrix
# rows: 1331
# columns: 1
 2498094209
 4085018134
 1911520339
 224712621
 657408617
 1747563936
 917881403
 4105619604
 3564815431
 3481649820
 4150072523
 463940308
 1668732071
 2436051272
 896991931
 3753891385
 168553103
 3612161339
 1200524875
 909684082
 505719738
 4173774740
 2008584437
 1126392426
 3514718756
 2683254331
 1629665935
 1883582906
 2768364707
 2679870703
 1984810068
 1041330017
 2689278713
 3588986021
 2152868485
 592014188
 3806403556
 1509836296
 308899625
 4010815573
 1710440605
 4097845307
 4088983592
 1917831369
 4060460418
 2219678887
 1924971509
 958445648
 2222862243
 3431218151
 2190184309
 1847449727
 2198922110
 4047638827
 2985298794
 3697207335
 191426548
 2901150813
 715237284
 3928522437
 1072837872
 2577026766
 4134012460
 3036586047
 1419125394
 657393033
 715788730
 2089429225
 3335456015
 3555933243
 3761649916
 850874436
 2790745277
 3384621466
 995612997
 3019575267
 558729866
 2708055759
 1170574926
 2220404975
 3300758288
 4068252717
 1459690866
 684661671
 1046343064
 433541647
 1939730816
 1946948674
 2169082111
 3574394065
 380280126
 3451595640
 2152744350
 3402790898
 2533734083
 2977270128
 2266389782
 1095115503
 1725350942
 834609920
 665386980
 646615853
 2483948823
 3234615019
 2674836015
 3653130104
 4102296321
 1100685410
 1732889224
 1500585268
 322094377
 3893896089
 3168053899
 1788726570
 78025033
 2519522019
 1226264399
 2911664630
 3256204893
 4214390093
 2311049623
 463067313
 3845701822
 2253802633
 3479480823
 744105497
 931801523
 4016977413
 1859042193
 1017345563
 3791806740
 2571871960
 327993134
 1646384151
 113688598
 1065814597
 1514817606
 2036461452
 1878318573
 333801990
 1181182449
 459292390
 335637799
 1248692728
 2287558425
 2191361972
 2466093388
 3558326112
 3069324545
 1660336234
 3661381342
 3875384780
 2625341811
 1069128635
 507200305
 1233811026
 45022717
 2415287772
 1075443921
 1663188923
 1243701380
 796395916
 192989177
 2482591338
 3765107639
 1839614685
 3496903503
 4005176346
 2675599486
 391283697
 1243110968
 463620305
 857145240
 753698324
 2897231689
 2306881228
 1829013754
 4235818407
 231959493
 1129495309
 4068140972
 2586443931
 2117718628
 2648041062
 3317836044
 1679184558
 2803958272
 2124150083
 704536178
 380633294
 2110410599
 3029157925
 1513818143
 1579615759
 815179684
 2843318204
 703468316
 881235441
 3732709219
 3134214422
 3717951343
 1350224261
 3682925213
 2102290766
 4085354728
 260535621
 771540572
 2078565255
 203600254
 3295505942
 17337709
 1695040537
 3036834384
 777997471
 1315118216
 4006253926
 1743466192
 3484717232
 2746936503
 4243463053
 3613936030
 2983366534
 3615097665
 935915224
 997875944
 1441776551
 1793003878
 736496063
 1721201094
 3335216109
 3073224812
 2398850075
 1803951713
 2862446543
 959443296
 2392674579
 3085408189
 2078972290
 411715539
 393056364
 2063046363
 1275959282
 3351763883
 3845215093
 1946412611
 467905522
 350441330
 4134454262
 988225307
 437499989
 3541862838
 3306691054
 1401701874
 2262322832
 2036887198
 1477911822
 850171281
 3652460039
 996253966
 989727969
 3519166265
 1310688483
 1758406811
 2829951805
 956944065
 1388717110
 450680885
 3578354901
 3031912325
 2146321952
 3156406209
 1749179427
 3219047983
 1348699389
 1830594204
 258412757
 1307091489
 210317235
 1268601957
 4173430500
 3316097444
 245627489
 3636806120
 2736930454
 3184622252
 103017290
 1584710485
 2524281261
 1285795232
 1949137826
 3558263002
 704192092
 1906493774
 1054378226
 3416850738
 2090826559
 2579239704
 21465306
 2741090767
 2749487999
 536890054
 1057961362
 3804017346
 1847664484
 3167052399
 2918892563
 175753837
 372624496
 274962544
 1641085224
 1090683002
 3116096317
 3916809781
 4057904859
 3084372274
 2455718131
 2447319538
 2606429871
 3924927445
 2014657581
 1048020694
 3130533186
 3810607881
 2101727761
 192550642
 1654036825
 510533
 1433047795
 3148155514
 4283930543
 3165150784
 1640629644
 290318596
 1841256487
 4248010493
 3559382065
 1575276366
 2186512436
 1812216761
 4179851227
 1178010642
 386189917
 2153746076
 3405406067
 1216526369
 4153695435
 3725323473
 2783906513
 3411688470
 3496349832
 4028038537
 1507864318
 4262348084
 2634937743
 1148817312
 757080885
 4044380498
 3769519574
 1956578666
 2134765499
 1495592383
 1049343650
 1874892792
 613131450
 2528382471
 2347194639
 2911315394
 3852559923
 1167158617
 4033100759
 1076067119
 3095814724
 2750909144
 171699401
 834146733
 2901589833
 802284546
 2924678578
 402738845
 2603152391
 3988384855
 502328636
 3088121147
 1898804223
 2765570058
 1304738643
 287539999
 414372898
 3064296420
 3975269557
 400627404
 720692300
 3831078866
 1213188409
 2248512192
 2313555762
 2950539572
 2834898475
 3741859939
 1760087307
 3861935612
 2943773198
 3706579459
 1298423747
 1080034100
 3560825477
 1708850572
 2202935951
 4289602307
 1732910964
 3367375784
 4151678406
 465669453
 309018756
 4244350610
 3343206428
 247047408
 1044273498
 3679314377
 555163054
 1796233505
 2746892551
 1178849508
 2886165040
 2115155350
 2590815068
 2373649434
 3800111668
 472567816
 1852374355
 1836548817
 4142854058
 817062331
 941265683
 2790573982
 3100780854
 3380950067
 1710464830
 925578256
 3579046294
 3750374399
 954392339
 2740091991
 2627303749
 1764786659
 2884910132
 2823386872
 3766318962
 1374519244
 3351896283
 3877995932
 25550727
 2862970990
 3062616454
 2909178255
 3954887606
 4276370596
 4082431013
 3704069686
 1085009968
 2273226406
 1450112275
 621870433
 2781674622
 2538712591
 2200061458
 2507138452
 1386583479
 3341597029
 877290659
 4201260871
 1185983802
 546381527
 3729604243
 1860026294
 2030439779
 1304737831
 1919199343
 1828774487
 93481198
 3326356729
 675255316
 1400302835
 4179359251
 2484216988
 3726111792
 2674635556
 3997732082
 3578249840
 2609493266
 732155035
 120708465
 3709705636
 3507839448
 1908652186
 2192704153
 126528197
 3960938025
 1093227151
 3953883577
 1404755080
 2039565866
 310900386
 3439029606
 2264400847
 1865089240
 4160531105
 2539831243
 1743037487
 2895949744
 2979404738
 1285150236
 2275378343
 1764591251
 2734155621
 2153346259
 2741220785
 2667775274
 21314319
 2390426997
 2592333633
 1861095069
 440895638
 2373376100
 988525657
 1093668986
 4207299845
 1673949103
 3557199697
 2730763937
 1302878106
 3365323682
 742502293
 2373822754
 4283578158
 3143502091
 1889053244
 3803885061
 192068922
 767747539
 835777193
 136714215
 4279867937
 1981942175
 1208546301
 4203935811
 435079423
 1812408374
 3647541825
 3158491435
 1317619226
 836693638
 2764804691
 2392160889
 3312800910
 1710606582
 2675788651
 682871942
 2390083966
 851677054
 1995115488
 3314078036
 4166442745
 2860612953
 3163965294
 2511956464
 1860675802
 3648333499
 3909298121
 1852469672
 1090849023
 2881822119
 1855618154
 578013944
 3780709973
 410351160
 3556728240
 562789418
 2503734734
 2998778001
 1620996654
 3477588155
 3617327737
 3577802030
 2785914148
 1781437485
 3293709915
 4159254848
 1988273317
 3875721795
 15313742
 852938102
 975056228
 3846904476
 4146114162
 2344821975
 3937585137
 2916082860
 1306417315
 2369450316
 1931057788
 721358341
 1918414661
 3175030020
 443795748
 851706138
 1119987143
 653241909
 617257713
 2501389548
 4252644216
 2295328461
 3514119650
 3514357995
 4034152454
 356113236
 2679633641
 3999824429
 3364709079
 172448452
 2136637264
 3147062289
 2754358216
 3311604921
 4158113666
 6414367
 1622748269
 4085562287
 2194981920
 3459991194
 4024324326
 617460005
 3083896355
 2253147946
 1801127680
 126558866
 3390891832
 1755868708
 3244275527
 216117680
 2573023023
 171534991
 2384608976
 433722061
 2932494736
 1366129383
 2089667973
 4095934134
 983838642
 3704408988
 530109145
 2135279284
 4111929617
 728207017
 66239349
 338676054
 1364512439
 710462029
 284547992
 4223325458
 779818738
 1768710169
 122751413
 1988138104
 3688850311
 2700507416
 2856047676
 3353859936
